   7.39376
  15.47045
  15.89440
  17.33089
  10.20397
  12.12242
  17.56470
  13.96544
  19.61233
  19.18131
  11.13765
  19.49457
  20.26874
  14.63733
  12.08027
  18.90617
  24.65166
  14.06918
  17.02165
  10.89425
   8.24842
  14.25729
  15.01894
  14.42977
   9.20789
  17.93131
  22.10076
  16.87858
  15.56388
  17.30209
  20.61804
  10.32936
  13.09386
  24.95147
  18.44200
  20.50062
  17.54365
  21.29015
  16.29340
  15.17936
  14.53021
  16.32917
  12.08612
  14.96064
  19.28398
  11.35574
  15.19888
  24.50833
   7.16694
  10.68243
  18.78840
   9.29924
   6.10077
  16.15584
  22.02392
   7.97888
  19.47487
  13.99969
  19.32052
  17.52506
  20.42946
  16.93497
  12.06524
  10.86194
  13.36959
  18.69251
  14.87489
  19.44728
  -1.38200
  17.91641
  23.51423
  12.80378
  10.87329
  20.66666
  15.88316
  23.27541
  20.80827
  14.81281
  15.98173
  21.51229
   9.62887
  22.76449
  15.71157
  20.44378
  13.19401
  20.56130
   6.29968
  19.49906
   8.47493
  20.35160
  20.48280
  12.97586
  13.57271
  16.00129
  32.02954
  20.16765
  15.74575
  18.12688
  15.23861
  15.25808
